4 6 1 7 13 9 12 8 11 10 2 15 14 0 0 16
15 11 10 5 2 16 14 3 8 7 12 13 4 6 9 1
13 8 9 12 5 7 4 1 3 16 14 6 15 11 10 2
2 3 16 14 11 6 15 10 1 9 4 5 13 8 7 12
7 15 11 10 3 14 16 2 13 8 9 12 1 4 6 5
12 13 8 9 4 1 5 6 2 3 16 14 7 15 11 10
5 4 6 1 12 8 9 13 15 11 10 7 16 2 14 3
14 2 3 16 15 10 7 11 6 1 5 4 12 13 8 9
10 7 15 11 16 5 2 4 12 13 8 3 9 14 1 6
9 5 13 8 6 3 1 12 14 2 15 16 10 7 4 11
1 12 4 6 9 13 8 14 7 5 11 10 3 16 2 15
16 14 2 3 7 11 10 15 4 6 1 9 5 12 13 8
11 10 0 15 0 0 0 16 9 12 13 0 0 1 5 4
8 9 12 0 1 4 6 0 16 14 3 2 11 10 15 7
6 1 5 4 8 12 13 9 10 15 7 11 2 3 16 14
3 16 14 2 10 15 11 7 5 4 6 1 8 9 12 13
